8.391297025756764107e-05 4.087635979907803635e-05 6.726153385935370211e-05 5.786364320270611468e-05 6.199492118180802841e-05 7.510858982156993515e-05 6.677824116115321145e-05 5.748100575793151974e-05 4.645166989201760974e-05 5.380530533149754339e-05
4.087635979907803635e-05 1.259113473136299580e-04 4.909857885364852289e-05 3.837708626668838164e-05 5.220625548524948721e-05 4.767562355783731614e-05 6.112956690283124128e-05 5.198401213433870901e-05 6.270641096436132926e-05 9.595312824697539798e-05
6.726153385935370211e-05 4.909857885364852289e-05 1.575835203536100123e-04 9.782193829467182881e-05 1.294479440803762216e-04 1.002270108888510876e-04 9.794550229794061179e-05 7.318350759733587506e-05 4.401368121971673117e-05 5.929023542163941408e-05
5.786364320270611468e-05 3.837708626668838164e-05 9.782193829467182881e-05 2.735077975533764592e-04 1.509435442710818252e-04 1.086290774879940956e-04 1.123476591800461462e-04 6.801718241196839303e-05 2.628280770979172007e-05 4.173616455414440752e-05
6.199492118180802841e-05 5.220625548524948721e-05 1.294479440803762216e-04 1.509435442710818252e-04 3.972214504364110000e-04 1.036663387436587537e-04 1.093476990952031361e-04 7.326414953250758716e-05 4.848769601079166292e-05 5.720717569376278439e-05
7.510858982156993515e-05 4.767562355783731614e-05 1.002270108888510876e-04 1.086290774879940956e-04 1.036663387436587537e-04 1.819624439891875955e-04 1.331273171665752581e-04 8.062743024620887126e-05 2.644883344201383365e-05 5.324790757985311569e-05
6.677824116115321145e-05 6.112956690283124128e-05 9.794550229794061179e-05 1.123476591800461462e-04 1.093476990952031361e-04 1.331273171665752581e-04 3.346896727923031993e-04 8.761379236362169928e-05 2.308276596940373910e-05 5.790395135408214636e-05
5.748100575793151974e-05 5.198401213433870901e-05 7.318350759733587506e-05 6.801718241196839303e-05 7.326414953250758716e-05 8.062743024620887126e-05 8.761379236362169928e-05 1.913721705825073040e-04 3.387768104596985085e-05 5.297121258975060430e-05
4.645166989201760974e-05 6.270641096436132926e-05 4.401368121971673117e-05 2.628280770979172007e-05 4.848769601079166292e-05 2.644883344201383365e-05 2.308276596940373910e-05 3.387768104596985085e-05 1.290678892760896044e-04 7.781295603068099178e-05
5.380530533149754339e-05 9.595312824697539798e-05 5.929023542163941408e-05 4.173616455414440752e-05 5.720717569376278439e-05 5.324790757985311569e-05 5.790395135408214636e-05 5.297121258975060430e-05 7.781295603068099178e-05 1.265100889228955566e-04
